1.23505
-0.350123
-0.778958
1.4335
-1.00029
-0.184479
0.999947
1.77204
1.55443
1.10628
0.113867
1.1196
-1.20451
-0.330612
-0.994976
-0.999477
1.96456
1.14668
-0.999823
-0.647345
2.22555
-1.39316
-1.00016
-1.00014
-1.00002
-1.69095
-0.812805
-1.62804
0.85619
-0.999994
0.869801
0.412432
-1.86369
1.41924
1.38847
1.46512
1.64119
-1.07813
-1.30645
-0.99064
-0.229861
-1.64098
-1.04803
-1.348
-0.174184
-1.28794
0.597141
-0.419299
0.999931
1.19384
0.99989
-1.96151
-1.00031
-1.26551
-1.79545
-1.71019
0.990779
-1.35731
-0.332862
0.707686
-0.786696
0.84203
-1.45283
-1.87634
-0.912841
1.76913
-0.531521
-0.948347
-1.13205
-1.33211
1.64202
-0.940805
-1.00007
-1.09396
-0.793271
2.15633
0.0550882
-1.93804
-1.67228
-1.60673
1.04851
1.0202
1.21952
-0.938129
0.79237
-0.737027
-1.33508
-0.281274
-1.9581
1.00032
-1.21456
-1.43269
2.03072
0.698268
0.678592
0.716271
-0.530825
0.195394
-0.800206
-1.92532
-1.6592
-0.0942361
-1.61242
1.22556
1.29708
0.640585
-0.556584
0.99961
0.88213
-1.66905
0.173974
-1.54318
-1.28749
-1.72522
-1.57536
-1.73118
0.629071
1.40747
-1.00011
1.27123
1.12479
1.43161
1.66246
-1.36754
-0.329585
-1.3703
1.89162
-1.5624
-1.05339
1.00003
0.266849
0.404315
-1.22139
1.00023
0.188207
-0.891402
-1.41773
0.583545
-2.01632
0.410487
1.61858
-0.916437
0.299252
-0.710289
0.0755002
1.95363
-0.665447
1.3502
1.04652
-1.54665
-1.52011
-1.45039
-1.74402
-0.104556
-1.5652
-2.06457
1.34069
-1.35919
-0.510118
1.11768
-0.189946
-0.315533
-1.49349
2.31967
-0.209618
-0.685193
-1.44866
-0.999607
-0.798899
-1.14358
-0.978459
1.5509
1.19403
-1.08679
-1.58437
0.258115
2.07798
-0.688044
0.305596
-1.3966
-0.741275
1.49367
0.462811
-1.0499
-0.262453
-0.757597
1.83985
0.259779
-1.04832
1.37031
-0.987937
1.15463
-0.886141
0.924653
-1.00037
-1.61631
-1.00023
-1.47304
-1.08892
0.999947
-0.0320025
1.24056
1.94252
0.678625
1.86292
-1.27165
-1.52589
0.703229
0.762063
-0.938604
-0.423977
-1.03695
-1.61339
2.3623
-1.57639
-1.80144
-1.67303
0.394563
0.356766
-1.65199
1.60934
1.44845
-1.27438
1.7415
-1.50702
-0.644656
0.193211
0.999933
-1.62497
-0.999519
0.827737
0.347621
-0.986721
0.933935
1.08499
1.09022
-1.38054
1.42358
-1.01133
-1.59218
0.886452
-1.20132
-1.1226
0.134697
-0.999881
1.14776
1.10455
-1.57603
-0.631935
2.29959
0.940563
-1.50236
-0.218607
-1.0546
-1.44905
-1.06303
-0.4696
1.58115
-1.24363
-1.02737
-1.88975
2.27114
-1.07454
-1.5792
-0.407973
-0.999846
-0.945196
-1.54866
-0.0504173
1.64917
